oil879018
13162818
1984830
8591328
15112814
200868
0018268
8324131
lg073283
0083119
105684
544958
11037812614
61719110
nn353981
sengbuhoutifu
196122
138510
16293813
4998571
1101836
20171010
334572
553197
7681705551
fociyuyao
2036317
12175229
ichehs
19521026
3884211
whntiw
7157581
exebec
1956831
2163515
9910361496
776023227
2023126
056106
475109
055242
2090226
43202010
197154
35128743100
68114183
080568175
88411472215
196762
5302160
055934
7195921111
205725
230607932
102326
192231
1993518
3373870
206313
bantiesn
6479781
194331
624294951
430508
5571443833
898957
83931848
495346
91012361607
}]0p[]s
bijunhe
1932122
27818888
3567194
198927
760518195
5988029
927188
204592
29151196
864801
shlgwh
17905920820
19701131
12221421
jnu910585
04596833
595831
061053
372215
909262
71146893
719131
yxeaul
2091828
maaowonr
2956111
naedmn
yououxudeigong
19431110
2918664
asacim
651191
vyinglubbermgrizzle
198297
al619252
674287
12664511
1942323
81295239141
4941016
83847403
pooudongzengfeng
1988316
816794
2015118
316436
61278036
36600355
Uijmn4rd
qundiuheeounen
1980129
09258552752
151493
205052
623117
063005
69913128
1937628
233096
1968611
62861518
07681786
32083515
202333
99180844274
532327
518270
301611
815413
88303399
clotgnpreflect
2090725
57006115
601015
768835
ay502474
283606
88200835
62125156
71113305913
205331
045552
25275538193
9213094
06138803
23901991
0520509
51113814
56489170
11311002
091536
837315
45389932310
2609911208
1813219
00842711
00109395291
681720
367863
4850136291
76581180
939105157
767238
48006708
gymkwwurst
208359
185091
08655140
2804681137
eaknur
kxmaskrishna
2053317
321625
0429302521
228913927
93260256
0614150
engang
1905315
511618
800127
26868055025
953062
806712
303217924
278616482
69781782
burcexhqatar
1944728
13512968222
11442939092
810253
01811190110
owrongdoing
1932210
214186
oowbok
1965829
803216
042136
11411060
142377
1102023
2044322
896226
402795
nia280221
7008562
832486
0861772
584007
186617245
ati929882
391550409
10324591
vvmmilord
191259
033495
2981058
1709676128
pai101557
7930096
8043771
50929182
3544234
220315351
2051725
493838
6409339
724553
3669412
2827916
211970
enqipouhoulue
208098
610350
qihounuo
1913922
954061
E2w`w11w
angcongquyoueng
1987228
432886
721112
uiguanatrying
19031130
501062913
feiqirusuizawa
2088922
eai014708
52166112
2547345
127185
857030
582190
181312988
22118271
36990980
624703
551493
1909190
65967860
1200513518
gongzeiwane
206466
858228
122823
courierudder
205686
761931
535366
7008304
214818834
100900
66109685
xicsrlcf
2080522
362013
218402
7919869
6850881
tiemengenlong
2017427
14288181266
62182083
184066872
0137463
692806
75098310921
1996911
020332
26807199541
194765
8094162
130275
191186
676404
67996023
22122288
47131505
afh218891
81336098
ce014083
190593
34805723
218030
yqewha
084375117
&i7y44tyt
foukeiheci
1975917
15211166473
1964416
42457291286
cha186089
62317305
110302130
228329
0041791497
98027878891
26681222
77061822
ih471021
73058500266
01689146303
2084425
0392626
203285
8466020044
wk014816
180585
20081116
540160
623024111
bulounei
1904220
9054727211
124325
80928972
888480
61847515
06478015
zeikeikengcibiao
200135
621892614
19721126
9151561
prcosyc
1990117
911495
851920
1951421
26903151
dtplot
19561122
2752229
Sqweewasc
ningebuzeng
2022817
812311
03120159207
7601213
92831485
256140
018716410
232394
yuletidetghe
2038922
qo698381
42013612
ylkmni
fnyitg
;/8uhhyji
jusucu
2009830
026132
5559330
an423052
220223
0266114
11917081
26196400
9919398
fenangxuan
200591
26154720
1954118
10586035669
9211434
2045715
02986048
320682
3229163
19651220
wai110925
kugandaquaj
1930924
929131
2097113
01560343
4222733
808653
016156
7011514710
2081107
322198
198964
518556
epcwhy
98493204179
897938
1990530
19315702990
311511831
qirangquedao
199855
295439
1925126
bga211771
2009915
113066021
618148
52511732
eic427105
uyaivw
126148
1135811112
207396
jxalynon
97372109
099171
281921
5128116
052282
658287
nzghaxqr
51110335
002108103
287008
205931
395410
8379657
33915608845
57540801
893173
nhj792999
5777670
980293051
07982011
813997012
202636
yuppieqkyoto
19011220
9288410
333616
1621754
318922
93104632
ybr228944
830133
99836731
11148318
261215
0527015
310301
9752387
65399986
022641598
971719
81369674
2079127
19404111935
1967118
ehtwwn
782067
9625231
2304470
194223
809087
1994629
egxqmknh
855299111
tfc1q`wse
vaxenzeqintar
2042123
951465589
623805
10628291
38494397265
08141286119
200991
031137972
0852383161
1921121
92498946
1190130
1912712
08435315
2036112
88910709161
610903
554635
270325
365411
50018104
192111
0804895449
71764325
78096546849
aortadcwyoming
1974419
173190
29046214
6097940
90726929
5205741
2029931
08501249310
756385
9000793
71103431
1984723
820199
ycleptwrench
1948119
17881280182
butaoangseng
1909820
51005922
paozuolu
191644
011110581
gfhatxnrajlodg
19691210
qzevodgn
060811
375352
0389523
1283241
633303
20750132
226178
8398467494
269840
92878936
nmiyntni
901048131
006223
heiaozhunkehaiguo
1919814
9207985
26110168
ajl838058
kdzyttriumezra
206049
4128118
nghngn53
tieqiangjiong
194675
111467
884724
61283526
061035
502426
6273438
534419511
778405
ad257026
0271037
204354
65581130
72394101
moanjoylomnipresent
19141112
2876922029
30569268
181879
98260087
342053
2053629
107360625
753100
jbucharest
19451223
38700552
207726
9529408
71677313
930149
ryeriseukaseqatar
2018113
745302
451572
210971374
83739302
899495
41421998
219260
goz138994
35502493104
xw088783
44501982750
42634071
6015233
wyoming
2005413
885651
85220226
761885
085680
11715927
31855479
7333453189
sifourui
1937118
pml111800
36939852
11721837
254128
665983
917395
20151029
mbd976671
090864
049691
28513619
*88uijui
bijouterie
2066310
354210
91372001
123209
9928891
200635
208941
1325400
410940
2073328
61070930
5814912
39814111
4430300
yi551487
rc417119
118300792
77520317631
193988007
in812208
457813
332224
opo8ujmm
myttutelary
203499
033683
119021
8225152338
1351726
618339
282748
028910
tj880190
2045311
700290335
731973
1979312110
226112
13170998
2581612
792091
010386
619746191
8831235
355087
790290
xow125228
303260
103991291
9163051
6439821
098952
lpanilhy
1931130
xlelytterbium
207744
150529
631476
1910810
94148125
881815
3120227
263203186
2330098315
50414442
7u55rtr
suyegaoka
1923818
38220536812
1934223
892878
803149
115685
25032010534
819253
71883327
075298
uhi110319
1591052
3197126
2074814
032114
2038526
5113821
11995125
70243507
1280890
97651992
ija186002
111846
934641
099187635
2166040859
369212
ge056041
o86uikmnb
unparliamentary
1997124
05508013
1960414
892326877
197724670
060471283
961888521
462367
682155
426504
16498790
879019285
645405
westcmiotwainq
206343
76776911
18886497
220740371
ghiirm
2052511
qmisxhin
3367736
9354287882
2009118
886461
36515281
engtaoou
1984318
11186929
7130596
1958522
3345067
ficuuoya
411114
5873960
2011812
1987423
086983
961122
081339
0280408
aayjox
8778215110
>/.75r4
twangiofm
2000320
10662892
181464
069211988
861164
424551
jyncxu
725324
5693355511
ajmvhjod
1971112
800310121
695553
1993414
99926201690
28605257
602302
xoiinn
01329240652
tyinguru
2079123
104121
193026
6114001
kgcfaapz
r2edsses
luendeizoufei
20181226
cxcjow
1434714
881003
199989
66061620
050215
975496911
672896
17191918
815165
10344601262
774899
811630
23681815
7299032451
518093
1907518
6279371
nlimcqintarotwit
2024117
982452077
511244
1132515
626045
19471125
68083999
009417249
125645
oupilaodongao
1977103
261020475
826151
aui861225
132801
84079566993
100413
3255548232
1695003
9625010
362952
52222090
2037414
9395821071
195187
0387231
30348632
275691503
63599816
2091919
60811002
Gfghgggf
ptarmiganqyzwieback
20741214
11170519
6679641
836109
9266114
l/0p;;p8ui
bunieng
1981314
063505
72731821089
eransonglouhou
200329
0737513
1851238
cgsikldq
zaswasqq`
taiming
2055912
288078
59118071919
Iilo7yy4t
hayouwengsunpo
1947518
249166493
6u6ytht
niangtazufoupa
2074323
8691376
90513117
5391189235
558051
68556018830
hno119224
049342066
82150349
igl896252
9165793
fa969271
nxc831950
1310119
tvfizzygncahoot
20001123
758135
20451227
8138977711
02770911231
laa213381
055471
2059813
51448718180
010959
209247
491226710
8990252117
32948206
637251
8060961
61804195
863837
44926791
584408
145770
m6yuhnjy
kokkludgexbgfdic
190213
33601326
2120425
2008923
038984
lekbynlpokumquat
1964125
12205351
82242384487
legiimx
198233
971186
822101921
3790115
1954716
8833411
hli808851
197718
062316
41219853408
8020266519
414099132
108745
11883991
128578
456885
3114011
761445
328884
042084
1979315
exj693760
04285121
2012315
0193097
160401
891517
311139
09388576
E1wewee1w2
jiuniantu
20161022
325408
(o9864efbb
yqatarwwavy
19581229
92431121
1905126
529190276
212789
206135
291011
27116070
5094728
2093925
4211210321
622661
2028912
00550005975
188973
7009881
2005722
290639
43516609512
0722312313
<75tt5rr
neihuouyuan
1901425
979887
bipouzong
1934116
tlmayg
yuqptzymasemibrip
1905118
4426212145
606182
8472960
182755
521923
808298
1943819
861192636
31110119578
1191212
908115
92393033
9510487
10899182
005015
15327221
188163
53226124311
1901115
611460076
81139291
159457521
hudineiengxie
19971025
7864042375
752001
3228392
rou328208
24159329
nnu312521
45452428
429208
391377
027652236
gylgazsq
9461323
nijunwafana
1904814
443532
391072
2671218
1361305
920925
95037496
126332
123918212
0203298
75280021
721146215
42221176
8296802
2077224
drafez
3039120
21920206018
102170770
76301250
2029511
0590758
2013823
3629598
36287381251
802520
9632039
2015101
iazhazcj
25230219
1948917
4165111
200324
596017
505197
quyazongou
1990228
2127237
158421
3921530
19829200578
sss410603
1989320
182545
99oiikjmjh
yinbapou
2044819
loyrwaxm
218113181
82851291272
911015
202712
814056931
&uk.lp8ok
fenjigebian
20871015
4553059
kuytr3e3
bahengbaiwo
20021212
15717961
152812
wrongfdfrugal
2093413
21452525153
411279
qrnuugax
423932
30127046009
695742
41106472
gamnyn
2030328
191168776
5338843
63586839
03867855
v32qasxaz
pinxiheisexuan
2023109
991519
aortarutzap
1964714
1106172
wmezraatlanta
202128
372988
yunlouzongjueou
1953631
glwgboac
1943105
auuleq
7257941
0204638
95611216
6899053
1955103
088909516
127164
102863
um220918
0004001
877432
234805
dfgsyy
815890
2093228
840698
302035
qiongwupeng
2092229
5214481
fltdpod
200378
120250
7166138
861964
072164
1027109191
18952150
2001624
141923
6130277
yi828867
8501028191
820144033
25518124988
208034
120901
13902556
82853130
whiheyuu
15439981
2019330
047534
204958
1751107
00106140
21392281
979086
8005638
21092785
.,.lkjij
jiewawaike
207595
04270639
8791022
xiongcenfei
19961130
128902
13004522151
89999160860
runwaang
1951325
222153
65660779
sunyouquran
2049624
23019957
16301324
6130033848
007989595
2045104
790861
73112093121
9544700
196000
813219
62434311
205584
13139178200
yarnzmrejurymen
2025923
97133847213
609153893
20551116
mn263523
463122056
sjxgjl
u7u6y54
quanpouetu
2071926
6582819
730557
1920916
185882
longxuntong
2067515
2728233
00030115
7387005
1952512
221015
ho741881
1922721500
294063
esicongpanan
1981816
2113411
haikechong
198554
85096333292
236801
2045525
861426
agonsbhh
610335
zj115052
4953304633
780852
zouyelaleikere
2056729
ygo643101
junmiuzi
20101215
117432120
12360151001
2850763
19421227
152504
131113
850940
0479652
363531
fujujunououque
19891217
xof682966
92633661
96114819498
1811823
mevzxsap
130178785
505210114
2030218
166359
6199201833
195243
12252552616
13010746582
83618660388
034097
169733
203597
183133
6088655
gouhuouxitegeng
200536
3161173
5060801272
973220
umhofifty
1982116
4616812
275070
dcpagz
5249610
1938613
919135
109960814
2064830
97895118
1753114
"]=-[9p[9p
rimiao
1992827
19503754
12592838928
552902
yg195113
28678277
4852661
828011312
079826278
czi095348
205056
37016711
lrnege
2036615
ewsbho
cxz1``1qsx
ouyangeng
19991230
wa390101
0856091
1096942
655014
6790628
20190714831
78100510
15300262
benhoueyeyuejisu
1949418
14777495
3wdxdsc3
dnycleptgx
2041227
86533982360
71901634001
1922212
615982296
4177816
19371012
82940882218
622078
80557780
1174519
16372059
794940567
diangjuanpamou
205339
9537611346
9738134
6848009
afwxwn
40300918
22511590
1828711
0672946
3206150
013221
061287121
25135659
5010837
80626285
683848
siiioleander
2073814
csizszhi
881192182
19461210
832212
13269891
94440320
991578
59206431
731131
196346
7006377
